1353600.0
[[5, 15, 0], [5, 15, 0], [5, 15, 0], [5, 15, 0], [5, 15, 0], [5, 15, 0], [5, 15, 0], [0, 19, 0], [0, 19, 0], [0, 19, 0], [2, 3, 9], [2, 0, 11], [0, 1, 13], [0, 0, 13], [0, 0, 13], [0, 0, 13], [0, 0, 13], [0, 0, 10]]
16
1526400.0
[[2, 11, 4], [2, 11, 4], [2, 11, 4], [2, 11, 4], [2, 11, 4], [2, 11, 4], [2, 11, 4], [2, 11, 4], [2, 11, 4], [2, 11, 4], [2, 11, 4], [2, 11, 4], [2, 11, 4], [2, 7, 4], [0, 0, 13], [1, 0, 8]]
16
1531200.0
[[2, 0, 4], [2, 0, 4], [2, 0, 4], [2, 0, 4], [2, 0, 4], [2, 0, 4], [2, 0, 4], [2, 0, 4], [2, 0, 4], [2, 0, 4], [2, 0, 4], [2, 0, 4], [2, 0, 4], [2, 0, 4], [0, 10, 0], [0, 10, 0], [0, 10, 0], [0, 10, 0], [0, 10, 0], [0, 10, 0], [0, 10, 0], [0, 10, 0], [0, 10, 0], [0, 10, 0], [0, 10, 0], [0, 10, 0], [0, 10, 0], [0, 10, 0], [0, 10, 0], [0, 0, 6], [0, 0, 6], [0, 0, 6], [1, 0, 3]]
33
1458000.0
[[2, 10, 4], [2, 10, 4], [2, 10, 4], [2, 10, 4], [2, 10, 4], [2, 10, 4], [2, 10, 4], [2, 10, 4], [2, 10, 4], [2, 10, 4], [2, 10, 4], [2, 10, 4], [2, 10, 4], [2, 10, 4], [1, 0, 9], [0, 0, 9], [0, 9, 3], [0, 1, 0]]
18
1252800.0
[[0, 12, 0], [0, 12, 0], [0, 12, 0], [0, 12, 0], [0, 12, 0], [0, 11, 0], [0, 12, 0], [0, 12, 0], [0, 12, 0], [0, 11, 0], [0, 12, 0], [0, 12, 0], [4, 8, 0], [12, 0, 0], [12, 0, 0], [0, 0, 6], [0, 0, 6], [0, 0, 6], [0, 0, 6], [0, 0, 6], [0, 0, 6], [0, 0, 6], [0, 0, 6], [0, 0, 6], [0, 0, 6], [0, 0, 6], [0, 0, 6], [0, 0, 5], [1, 0, 0]]
29
1745568.0
[[5, 0, 0], [5, 0, 0], [5, 0, 0], [5, 0, 0], [5, 0, 0], [0, 8, 0], [0, 8, 0], [0, 8, 0], [0, 8, 0], [0, 8, 0], [0, 8, 0], [0, 8, 0], [0, 8, 0], [0, 8, 0], [0, 8, 0], [0, 8, 0], [0, 8, 0], [0, 8, 0], [0, 8, 0], [0, 8, 0], [0, 8, 0], [0, 8, 0], [0, 8, 0], [4, 4, 0], [0, 2, 5], [0, 0, 6], [0, 0, 6], [0, 0, 6], [0, 0, 6], [0, 0, 6], [0, 0, 6], [0, 0, 6], [0, 0, 6], [0, 0, 6], [0, 0, 6], [0, 0, 6], [0, 0, 6]]
38
1699200.0
[[2, 11, 4], [2, 11, 4], [2, 11, 4], [2, 11, 4], [2, 11, 4], [2, 11, 4], [2, 11, 4], [2, 11, 4], [2, 11, 4], [2, 11, 4], [2, 11, 4], [2, 11, 4], [2, 11, 4], [2, 7, 4], [0, 0, 13], [1, 0, 8]]
16
1573200.0
[[2, 7, 4], [2, 7, 4], [2, 7, 4], [2, 7, 4], [2, 7, 4], [6, 7, 0], [2, 7, 4], [2, 7, 4], [6, 7, 0], [2, 7, 4], [0, 17, 0], [0, 17, 0], [0, 17, 0], [0, 17, 0], [0, 4, 9], [0, 4, 9], [0, 4, 9], [0, 0, 11], [1, 0, 7]]
19
1527600.0
[[2, 7, 4], [2, 7, 4], [2, 7, 4], [6, 7, 0], [2, 7, 4], [2, 7, 4], [2, 7, 4], [2, 7, 4], [2, 7, 4], [6, 7, 0], [0, 17, 0], [0, 17, 0], [0, 17, 0], [0, 17, 0], [0, 4, 9], [0, 4, 9], [0, 4, 9], [0, 0, 11], [1, 0, 7]]
19
1482000.0
[[6, 7, 0], [6, 7, 0], [2, 7, 4], [2, 7, 4], [2, 7, 4], [2, 7, 4], [2, 7, 4], [2, 7, 4], [2, 7, 4], [2, 7, 4], [0, 17, 0], [0, 17, 0], [0, 17, 0], [0, 17, 0], [0, 4, 9], [0, 4, 9], [0, 4, 9], [0, 0, 11], [1, 0, 7]]
19
1345200.0
[[0, 17, 0], [0, 17, 0], [0, 17, 0], [0, 17, 0], [0, 17, 0], [0, 17, 0], [0, 17, 0], [0, 17, 0], [5, 12, 0], [0, 0, 11], [0, 0, 11], [2, 0, 9], [2, 0, 9], [0, 0, 11], [2, 0, 9], [2, 0, 9], [2, 0, 8], [14, 2, 0]]
19
1254000.0
[[10, 7, 0], [10, 7, 0], [0, 15, 0], [0, 15, 0], [0, 15, 0], [0, 15, 0], [0, 15, 0], [0, 15, 0], [0, 15, 0], [0, 15, 0], [0, 15, 0], [2, 0, 9], [2, 0, 9], [2, 0, 9], [2, 0, 9], [0, 0, 11], [1, 0, 9], [0, 0, 11], [0, 1, 10]]
19
1780800.0
[[0, 15, 0], [0, 15, 0], [0, 15, 0], [0, 15, 0], [0, 15, 0], [0, 15, 0], [0, 15, 0], [0, 15, 0], [0, 15, 0], [0, 15, 0], [2, 0, 4], [2, 0, 4], [2, 0, 4], [2, 0, 4], [2, 0, 4], [2, 0, 4], [2, 0, 4], [2, 0, 4], [2, 0, 4], [2, 0, 4], [2, 0, 4], [2, 0, 4], [2, 0, 4], [2, 0, 4], [1, 0, 6], [0, 0, 6], [0, 0, 6], [0, 0, 3]]
28
1713600.0
[[0, 15, 0], [0, 15, 0], [0, 15, 0], [0, 15, 0], [0, 15, 0], [0, 15, 0], [0, 15, 0], [0, 15, 0], [0, 15, 0], [0, 15, 0], [2, 0, 4], [2, 0, 4], [2, 0, 4], [2, 0, 4], [2, 0, 4], [2, 0, 4], [2, 0, 4], [2, 0, 4], [2, 0, 4], [2, 0, 4], [2, 0, 4], [2, 0, 4], [2, 0, 4], [2, 0, 4], [1, 0, 6], [0, 0, 6], [0, 0, 6], [0, 0, 3]]
28
1422000.0
[[7, 5, 4], [11, 5, 0], [11, 5, 0], [0, 20, 0], [0, 20, 0], [0, 20, 0], [0, 20, 0], [0, 20, 0], [0, 20, 0], [0, 15, 2], [0, 0, 9], [0, 0, 9], [0, 0, 9], [0, 0, 9], [0, 0, 9], [0, 0, 9], [0, 0, 9], [0, 0, 8]]
18
1617000.0
[[6, 5, 0], [6, 5, 0], [6, 5, 0], [6, 5, 0], [2, 5, 4], [2, 5, 4], [0, 20, 0], [0, 20, 0], [0, 20, 0], [0, 20, 0], [0, 20, 0], [0, 20, 0], [0, 0, 9], [0, 0, 9], [0, 0, 9], [0, 0, 9], [0, 0, 9], [0, 0, 9], [0, 0, 9], [1, 0, 6]]
21
1650000.0
[[2, 5, 4], [2, 5, 4], [2, 5, 4], [2, 5, 4], [2, 5, 4], [2, 5, 4], [2, 5, 4], [2, 5, 4], [2, 5, 4], [2, 5, 4], [2, 5, 4], [2, 5, 4], [2, 5, 4], [2, 5, 4], [1, 15, 0], [0, 15, 0], [0, 15, 0], [0, 15, 0], [0, 15, 0], [0, 0, 9], [0, 0, 9], [0, 5, 3]]
22
1606000.0
[[2, 5, 4], [2, 5, 4], [2, 5, 4], [2, 5, 4], [2, 5, 4], [2, 5, 4], [2, 5, 4], [2, 5, 4], [2, 5, 4], [2, 5, 4], [2, 5, 4], [2, 5, 4], [2, 5, 4], [2, 5, 4], [0, 15, 0], [0, 15, 0], [0, 15, 0], [0, 15, 0], [0, 15, 0], [0, 0, 9], [0, 0, 9], [1, 5, 3]]
22
1562000.0
[[2, 5, 4], [2, 5, 4], [2, 5, 4], [2, 5, 4], [2, 5, 4], [2, 5, 4], [2, 5, 4], [2, 5, 4], [2, 5, 4], [2, 5, 4], [2, 5, 4], [2, 5, 4], [2, 5, 4], [2, 5, 4], [0, 15, 0], [0, 15, 0], [0, 15, 0], [0, 15, 0], [0, 15, 0], [0, 0, 9], [0, 0, 9], [1, 5, 3]]
22
1577280.0
[[4, 4, 0], [4, 4, 0], [4, 4, 0], [4, 4, 0], [4, 4, 0], [4, 4, 0], [4, 4, 0], [0, 12, 0], [0, 12, 0], [0, 12, 0], [0, 12, 0], [0, 12, 0], [0, 12, 0], [0, 12, 0], [0, 12, 0], [0, 12, 0], [0, 12, 0], [0, 0, 6], [0, 0, 6], [0, 0, 6], [0, 0, 6], [0, 0, 6], [0, 0, 6], [0, 0, 6], [0, 0, 6], [0, 0, 6], [0, 0, 6], [0, 0, 6], [0, 0, 6], [0, 1, 5], [1, 1, 0]]
31
