1
1353600.0
[[5, 15, 0], [5, 15, 0], [5, 15, 0], [5, 15, 0], [5, 15, 0], [0, 19, 0], [0, 19, 0], [0, 19, 0], [0, 18, 0], [2, 0, 11], [2, 0, 11], [0, 0, 13], [0, 0, 13], [0, 0, 13], [0, 0, 13], [0, 0, 3]]
16
2
1526400.0
[[6, 11, 0], [6, 11, 0], [6, 11, 0], [6, 11, 0], [2, 11, 4], [2, 11, 4], [0, 20, 0], [0, 20, 0], [0, 20, 0], [0, 20, 0], [0, 4, 11], [0, 0, 13], [0, 0, 13], [0, 0, 13], [0, 0, 13], [1, 0, 6]]
16
3
1531200.0
[[2, 0, 4], [2, 0, 4], [2, 0, 4], [2, 0, 4], [2, 0, 4], [2, 0, 4], [2, 0, 4], [2, 0, 4], [2, 0, 4], [2, 0, 4], [2, 0, 4], [2, 0, 4], [2, 0, 4], [2, 0, 4], [0, 10, 0], [0, 10, 0], [0, 10, 0], [0, 10, 0], [0, 10, 0], [0, 10, 0], [0, 10, 0], [0, 10, 0], [0, 10, 0], [0, 10, 0], [0, 10, 0], [0, 10, 0], [0, 10, 0], [0, 10, 0], [0, 10, 0], [0, 0, 6], [0, 0, 6], [0, 0, 6], [1, 0, 3]]
33
4
1539000.0
[[6, 10, 0], [6, 10, 0], [6, 10, 0], [6, 10, 0], [2, 10, 4], [2, 10, 4], [0, 20, 0], [0, 20, 0], [0, 20, 0], [0, 20, 0], [1, 0, 9], [0, 0, 9], [0, 0, 9], [0, 0, 9], [0, 0, 9], [0, 0, 9], [0, 0, 9], [0, 6, 6], [0, 4, 0]]
19
5
1252800.0
[[0, 12, 0], [0, 12, 0], [0, 12, 0], [0, 12, 0], [0, 12, 0], [0, 12, 0], [0, 12, 0], [0, 12, 0], [0, 12, 0], [0, 12, 0], [0, 11, 0], [0, 12, 0], [8, 4, 0], [12, 0, 0], [8, 0, 2], [0, 0, 6], [0, 0, 6], [0, 0, 6], [0, 0, 6], [0, 0, 6], [0, 0, 6], [0, 0, 6], [0, 0, 6], [0, 0, 6], [0, 0, 6], [0, 0, 6], [0, 0, 6], [1, 0, 2], [0, 3, 1]]
29
6
1745568.0
[[5, 0, 0], [5, 0, 0], [5, 0, 0], [5, 0, 0], [5, 0, 0], [0, 8, 0], [0, 8, 0], [0, 8, 0], [0, 8, 0], [0, 8, 0], [0, 8, 0], [0, 8, 0], [0, 8, 0], [0, 8, 0], [0, 8, 0], [0, 8, 0], [0, 8, 0], [0, 8, 0], [0, 8, 0], [0, 8, 0], [0, 8, 0], [0, 8, 0], [0, 8, 0], [4, 4, 0], [0, 2, 5], [0, 0, 6], [0, 0, 6], [0, 0, 6], [0, 0, 6], [0, 0, 6], [0, 0, 6], [0, 0, 6], [0, 0, 6], [0, 0, 6], [0, 0, 6], [0, 0, 6], [0, 0, 6]]
38
7
1699200.0
[[6, 11, 0], [6, 11, 0], [6, 11, 0], [6, 11, 0], [2, 11, 4], [2, 11, 4], [0, 20, 0], [0, 20, 0], [0, 20, 0], [0, 20, 0], [0, 4, 11], [0, 0, 13], [0, 0, 13], [0, 0, 13], [0, 0, 13], [1, 0, 6]]
16
8
1573200.0
[[6, 7, 0], [6, 7, 0], [6, 7, 0], [6, 7, 0], [2, 7, 4], [2, 7, 4], [0, 17, 0], [0, 17, 0], [0, 17, 0], [0, 17, 0], [0, 17, 0], [0, 17, 0], [0, 4, 9], [1, 2, 9], [0, 0, 11], [0, 0, 11], [0, 0, 11], [0, 0, 11], [0, 0, 7]]
19
9
1527600.0
[[6, 7, 0], [6, 7, 0], [6, 7, 0], [6, 7, 0], [2, 7, 4], [2, 7, 4], [0, 17, 0], [0, 17, 0], [0, 17, 0], [0, 17, 0], [0, 17, 0], [0, 17, 0], [0, 4, 9], [1, 2, 9], [0, 0, 11], [0, 0, 11], [0, 0, 11], [0, 0, 11], [0, 0, 7]]
19
10
1482000.0
[[6, 7, 0], [6, 7, 0], [6, 7, 0], [6, 7, 0], [2, 7, 4], [2, 7, 4], [0, 17, 0], [0, 17, 0], [0, 17, 0], [0, 17, 0], [0, 17, 0], [0, 17, 0], [0, 4, 9], [1, 2, 9], [0, 0, 11], [0, 0, 11], [0, 0, 11], [0, 0, 11], [0, 0, 7]]
19
