1
1320000.0
[[10, 7, 0], [10, 7, 0], [0, 14, 0], [0, 14, 0], [0, 14, 0], [0, 14, 0], [0, 14, 0], [0, 14, 0], [0, 14, 0], [0, 14, 0], [0, 14, 0], [2, 0, 9], [2, 0, 9], [2, 0, 9], [2, 0, 9], [0, 0, 11], [0, 0, 11], [0, 0, 11], [0, 4, 8], [1, 6, 0]]
20
2
1844400.0
[[0, 14, 0], [0, 14, 0], [0, 14, 0], [0, 14, 0], [0, 14, 0], [0, 14, 0], [0, 14, 0], [0, 14, 0], [0, 14, 0], [0, 14, 0], [2, 10, 0], [2, 0, 4], [2, 0, 4], [2, 0, 4], [2, 0, 4], [2, 0, 4], [2, 0, 4], [2, 0, 4], [2, 0, 4], [2, 0, 4], [2, 0, 4], [2, 0, 4], [2, 0, 4], [2, 0, 4], [1, 0, 6], [0, 0, 6], [0, 0, 6], [0, 0, 6], [0, 0, 1]]
29
3
1774800.0
[[0, 14, 0], [0, 14, 0], [0, 14, 0], [0, 14, 0], [0, 14, 0], [0, 14, 0], [0, 14, 0], [0, 14, 0], [0, 14, 0], [0, 14, 0], [2, 10, 0], [2, 0, 4], [2, 0, 4], [2, 0, 4], [2, 0, 4], [2, 0, 4], [2, 0, 4], [2, 0, 4], [2, 0, 4], [2, 0, 4], [2, 0, 4], [2, 0, 4], [2, 0, 4], [2, 0, 4], [1, 0, 6], [0, 0, 6], [0, 0, 6], [0, 0, 6], [0, 0, 1]]
29
4
1422000.0
[[11, 5, 0], [7, 5, 4], [11, 5, 0], [0, 20, 0], [0, 20, 0], [0, 20, 0], [0, 20, 0], [0, 20, 0], [0, 20, 0], [0, 15, 3], [0, 0, 9], [0, 0, 9], [0, 0, 9], [0, 0, 9], [0, 0, 9], [0, 0, 9], [0, 0, 9], [0, 0, 7]]
18
5
1540000.0
[[6, 5, 0], [6, 5, 0], [6, 5, 0], [6, 5, 0], [2, 5, 4], [2, 5, 4], [0, 20, 0], [0, 20, 0], [0, 20, 0], [0, 20, 0], [0, 20, 0], [0, 20, 0], [0, 0, 9], [0, 0, 9], [0, 0, 9], [0, 0, 9], [0, 0, 9], [0, 0, 9], [0, 0, 9], [1, 0, 6]]
20
6
1650000.0
[[6, 5, 0], [6, 5, 0], [6, 5, 0], [6, 5, 0], [2, 5, 4], [2, 5, 4], [1, 15, 0], [0, 15, 0], [0, 15, 0], [0, 15, 0], [0, 15, 0], [0, 15, 0], [0, 15, 0], [0, 15, 0], [0, 0, 9], [0, 0, 9], [0, 0, 9], [0, 0, 9], [0, 0, 9], [0, 0, 9], [0, 0, 9], [0, 0, 6]]
22
7
1606000.0
[[6, 5, 0], [6, 5, 0], [6, 5, 0], [6, 5, 0], [2, 5, 4], [2, 5, 4], [0, 15, 0], [0, 15, 0], [0, 15, 0], [0, 15, 0], [0, 15, 0], [0, 15, 0], [0, 15, 0], [0, 15, 0], [0, 0, 9], [0, 0, 9], [0, 0, 9], [0, 0, 9], [0, 0, 9], [0, 0, 9], [0, 0, 9], [1, 0, 6]]
22
8
1562000.0
[[6, 5, 0], [6, 5, 0], [6, 5, 0], [6, 5, 0], [2, 5, 4], [2, 5, 4], [0, 15, 0], [0, 15, 0], [0, 15, 0], [0, 15, 0], [0, 15, 0], [0, 15, 0], [0, 15, 0], [0, 15, 0], [0, 0, 9], [0, 0, 9], [0, 0, 9], [0, 0, 9], [0, 0, 9], [0, 0, 9], [0, 0, 9], [1, 0, 6]]
22
9
1577280.0
[[4, 4, 0], [4, 4, 0], [4, 4, 0], [4, 4, 0], [4, 4, 0], [4, 4, 0], [4, 4, 0], [0, 12, 0], [0, 12, 0], [0, 12, 0], [0, 12, 0], [0, 12, 0], [0, 12, 0], [0, 12, 0], [0, 12, 0], [0, 12, 0], [0, 12, 0], [0, 0, 6], [0, 0, 6], [0, 0, 6], [0, 0, 6], [0, 0, 6], [0, 0, 6], [0, 0, 6], [0, 0, 6], [0, 0, 6], [0, 0, 6], [0, 0, 6], [0, 0, 6], [0, 1, 5], [1, 1, 0]]
31
